classdef TestModelSevenState_10Param_AT < matlab.unittest.TestCase
    properties
        model
        params
        data
    end
    
    methods (TestClassSetup)
        function createExperiment(testCase)
            
            testCase.model = SevenState_10Param_AT();
            testCase.params=[1500 50000 2000 20 80000 300 1e8 1000 20000 1e8]'; %guess2 rate constants
            testCase.data.tres = 0.000025;
            testCase.data.concs = 3e-8;
            testCase.data.tcrit = 0.0035;
            [testCase.data.bursts,~] = load_data(strcat(getenv('P_HOME'), {'/Samples/Simulations/20000/test_1.scn'}),testCase.data.tres,testCase.data.tcrit);
            testCase.data.useChs=1;
        end
    end
    
    methods(Test)
        function testProperties(testCase)
            
            %check defaults
            testCase.verifyEqual(testCase.model.kA,3);
            testCase.verifyEqual(testCase.model.h,0.01);
            testCase.verifyEqual(testCase.model.k,10);
            
            %check non-accessibilty
            try
                testCase.model.kA=3;
            catch ME
                testCase.verifyEqual(ME.identifier,'MATLAB:class:SetProhibited');                
            end

            try
                testCase.model.k=4;
            catch ME
                testCase.verifyEqual(ME.identifier,'MATLAB:class:SetProhibited');                
            end
            
            %check accessibilty
            testCase.model.h=0.1;
            testCase.verifyEqual(testCase.model.h,0.1);
            testCase.model.h=0.01;
            testCase.verifyEqual(testCase.model.h,0.01);
        end
        
        %test Q generation
        function testQ(testCase)
            Q=testCase.model.generateQ(testCase.params,1);
            %from 2003 blue book
            testCaseQ=[-1500.0000000000,0.0000000000,0.0000000000,50000.0000000000,0.0000000000,0.0000000000,0.0000000000,0.0000000000,-2000.0000000000,0.0000000000,0.0000000000,20.0000000000,0.0000000000,0.0000000000,0.0000000000,0.0000000000,-80000.0000000000,0.0000000000,0.0000000000,300.0000000000,0.0000000000,1500.0000000000,0.0000000000,0.0000000000,-71000.0000000000,100000000.0000000000,100000000.0000000000,0.0000000000,0.0000000000,2000.0000000000,0.0000000000,20000.0000000000,-100001020.0000000000,0.0000000000,100000000.0000000000,0.0000000000,0.0000000000,80000.0000000000,1000.0000000000,0.0000000000,-100020300.0000000000,100000000.0000000000,0.0000000000,0.0000000000,0.0000000000,0.0000000000,1000.0000000000,20000.0000000000,-200000000.0000000000 ]';
            testCase.verifyEqual(Q(:),testCaseQ,'AbsTol', 1e-6);
            
            Q=testCase.model.generateQ(testCase.params,0.01);
            testCaseQ=[-1500.0000000000,0.0000000000,0.0000000000,50000.0000000000,0.0000000000,0.0000000000,0.0000000000,0.0000000000,-2000.0000000000,0.0000000000,0.0000000000,20.0000000000,0.0000000000,0.0000000000,0.0000000000,0.0000000000,-80000.0000000000,0.0000000000,0.0000000000,300.0000000000,0.0000000000,1500.0000000000,0.0000000000,0.0000000000,-71000.0000000000,1000000.0000000000,1000000.0000000000,0.0000000000,0.0000000000,2000.0000000000,0.0000000000,20000.0000000000,-1001020.0000000000,0.0000000000,1000000.0000000000,0.0000000000,0.0000000000,80000.0000000000,1000.0000000000,0.0000000000,-1020300.0000000000,1000000.0000000000,0.0000000000,0.0000000000,0.0000000000,0.0000000000,1000.0000000000,20000.0000000000,-2000000.0000000000 ]';
            testCase.verifyEqual(Q(:),testCaseQ,'AbsTol', 1e-10);
            
            params2=[1500,50000,12000,50,14000,10,100000000,6000,5000,200000000];
            Q=testCase.model.generateQ(params2,0.00001);
            testCaseQ=[-1500.0000000000,0.0000000000,0.0000000000,50000.0000000000,0.0000000000,0.0000000000,0.0000000000,0.0000000000,-12000.0000000000,0.0000000000,0.0000000000,50.0000000000,0.0000000000,0.0000000000,0.0000000000,0.0000000000,-14000.0000000000,0.0000000000,0.0000000000,10.0000000000,0.0000000000,1500.0000000000,0.0000000000,0.0000000000,-61000.0000000000,2000.0000000000,1000.0000000000,0.0000000000,0.0000000000,12000.0000000000,0.0000000000,5000.0000000000,-8050.0000000000,0.0000000000,1000.0000000000,0.0000000000,0.0000000000,14000.0000000000,6000.0000000000,0.0000000000,-6010.0000000000,2000.0000000000,0.0000000000,0.0000000000,0.0000000000,0.0000000000,6000.0000000000,5000.0000000000,-3000.0000000000  ]';
            testCase.verifyEqual(Q(:),testCaseQ,'AbsTol', 1e-10);            
            
        end
        
        function testLikelihood(testCase)
            testCase.verifyEqual(testCase.model.calcLogLikelihood(testCase.params,testCase.data),3.858668411122054e+04,'AbsTol', 1e-6);
            testCase.verifyEqual(testCase.model.calcLogLikelihood([15000,50000,13000,50,15000,10,150000000,6000,5000,150000000],testCase.data),3.355036228698904e+04,'AbsTol', 1e-6)
            testCase.verifyEqual(testCase.model.calcLogLikelihood([1500,50000,18000,50,15700,17,2e8,4000,5000,100000000],testCase.data),3.852808259951792e+04,'AbsTol', 1e-6)
            testCase.verifyEqual(testCase.model.calcLogLikelihood([150,5000,130000,500,1500,10,2e8,8000,7000,50000000],testCase.data),3.349705432531993e+04,'AbsTol', 1e-6)
        end
        
        function testCalcLogPosterior(testCase)
            testCase.verifyEqual(testCase.model.calcLogPosterior(testCase.params,testCase.data),3.843010832496134e+04,'AbsTol', 1e-6)
        end
        
        function testCalcGradLogLikelihood(testCase)
            testCase.verifyEqual(testCase.model.calcGradLogLikelihood(testCase.params,testCase.data),[0.0502092771057510,-0.0031222640245690,0.7965894164954080,-21.7545295497984625,-0.0100071854831190,1.2337725001998481,-0.0000036950950740,0.3328896062157580,-0.0429271316534140,0.0000048694346330 ]','AbsTol', 1e-6)
        end
        
        function testCalcGradLogPosterior(testCase)
            testCase.verifyEqual(testCase.model.calcGradLogPosterior(testCase.params,testCase.data),[0.0502092771057510,-0.0031222640245690,0.7965894164954080,-21.7545295497984625,-0.0100071854831190,1.2337725001998481,-0.0000036950950740,0.3328896062157580,-0.0429271316534140,0.0000048694346330 ]','AbsTol', 1e-6)
        end
        
        function testCalcMetricTensor(testCase)
            mt = testCase.model.calcMetricTensor(testCase.params,testCase.data);
            testCase.verifyEqual(mt(:),[0.0004550383891910,-0.0000102591002360,0.0000372892827727,0.0030008413887117,-0.0000000909494702,0.0000177715264726,-0.0000006366462912,0.0000106228981167,0.0000080035533756,-0.0000003819877747,-0.0000102591002360,0.0000016007106751,-0.0000002728484105,-0.0001391344994772,-0.0000001818989404,-0.0000006912159733,0.0000002182787284,-0.0000002182787284,0.0000002728484105,-0.0000000181898940,0.0000372892827727,-0.0000002728484105,0.0005627953214571,-0.0055801683629397,-0.0000041109160520,0.0004686080501415,-0.0000000545696821,0.0001355874701403,-0.0000062209437601,0.0000002182787284,0.0030008413887117,-0.0001391344994772,-0.0055801683629397,-0.4868237738264725,-0.0000780346454121,-0.0020686093193945,0.0000000545696821,-0.0035230914363638,0.0003022250893991,0.0000000909494702,-0.0000000909494702,-0.0000001818989404,-0.0000041109160520,-0.0000780346454121,0.0000016007106751,0.0000030195224099,-0.0000001091393642,0.0000007639755495,-0.0000007094058674,0.0000004729372449,0.0000177715264726,-0.0000006912159733,0.0004686080501415,-0.0020686093193945,0.0000030195224099,0.0044945772970095,-0.0000001818989404,0.0001303851604462,-0.0000033833202906,-0.0000001273292582,-0.0000006366462912,0.0000002182787284,-0.0000000545696821,0.0000000545696821,-0.0000001091393642,-0.0000001818989404,-0.0000005820766091,-0.0000000545696821,-0.0000005093170330,-0.0000000363797881,0.0000106228981167,-0.0000002182787284,0.0001355874701403,-0.0035230914363638,0.0000007639755495,0.0001303851604462,-0.0000000545696821,0.0004996400093660,0.0000000363797881,0.0000006730260793,0.0000080035533756,0.0000002728484105,-0.0000062209437601,0.0003022250893991,-0.0000007094058674,-0.0000033833202906,-0.0000005093170330,0.0000000363797881,0.0000023283064365,0.0000004365574569,-0.0000003819877747,-0.0000000181898940,0.0000002182787284,0.0000000909494702,0.0000004729372449,-0.0000001273292582,-0.0000000363797881,0.0000006730260793,0.0000004365574569,0.0000026921043172]','AbsTol', 1e-6)
        end
        
        function testCalcDerivMetricTensor(testCase)
            testCase.verifyEqual(testCase.model.calcDerivMetricTensor(testCase.params,testCase.data),zeros(10,10))
        end
        
        function testCalcDerivLogPrior(testCase)
            testCase.verifyEqual(testCase.model.calcDerivLogPrior(testCase.params),0)
            testCase.verifyEqual(testCase.model.calcDerivLogPrior([-1; -1;-1; -1; -1; -1 ;-1; -1; -1;-1]),-Inf)
        end
        
        function testCalcLogPrior(testCase)
            testCase.verifyEqual(testCase.model.calcLogPrior(testCase.params),-1.565757862435931e+02,'AbsTol', 1e-6)
            testCase.verifyEqual(testCase.model.calcLogPrior([-1; -1;-1; -1; -1; -1 ;-1; -1; -1;-1]),-Inf)
        end
        
        function testSamplePrior(testCase)
            rng(1)
            testCase.verifyEqual(testCase.model.samplePrior,1.0e+09 * [0.000417022010532;0.000720324496239;0.000000114384816;0.000302332579609;0.000146755899350;0.000092338603845;1.862602113784847;0.000345560733587;0.000396767480263;5.388167340038181],'AbsTol', 1e-6)
            rng('shuffle', 'twister')
        end
    end
    
    methods (TestMethodTeardown)
        function destroyExperiment(testCase)
            clear testCase.experiment
        end
    end    
    
end