classdef TestModelSevenState_13Param_AT < matlab.unittest.TestCase
    properties
        model
        params
        data
    end
    
    methods (TestClassSetup)
        function createExperiment(testCase)
            
            testCase.model = SevenState_13Param_AT();
            testCase.params=[1500,50000,13000,50,15000,10,6000,100000000,5000,100000000,6000,5000,100000000]';
            testCase.data.tres = 0.000025;
            testCase.data.concs = 1;
            testCase.data.tcrit = 0.004;
            [testCase.data.bursts,~] = load_data(strcat(getenv('P_HOME'), {'/Samples/Simulations/two_state_20000.scn'}),testCase.data.tres,testCase.data.tcrit);
            testCase.data.useChs=1;
        end
    end
    
    methods(Test)
        function testProperties(testCase)
            
            %check defaults
            testCase.verifyEqual(testCase.model.kA,3);
            testCase.verifyEqual(testCase.model.h,0.01);
            testCase.verifyEqual(testCase.model.k,13);
            
            %check non-accessibilty
            try
                testCase.model.kA=3;
            catch ME
                testCase.verifyEqual(ME.identifier,'MATLAB:class:SetProhibited');                
            end

            try
                testCase.model.k=4;
            catch ME
                testCase.verifyEqual(ME.identifier,'MATLAB:class:SetProhibited');                
            end
            
            %check accessibilty
            testCase.model.h=0.1;
            testCase.verifyEqual(testCase.model.h,0.1);
            testCase.model.h=0.01;
            testCase.verifyEqual(testCase.model.h,0.01);
        end
        
        %test Q generation
        function testQ(testCase)
            Q=testCase.model.generateQ(testCase.params,1);
            %from 2003 
            testCaseQ=[-1500.0000000000 0.0000000000 0.0000000000 50000.0000000000 0.0000000000 0.0000000000 0.0000000000 0.0000000000 -13000.0000000000 0.0000000000 0.0000000000 50.0000000000 0.0000000000 0.0000000000 0.0000000000 0.0000000000 -15000.0000000000 0.0000000000 0.0000000000 10.0000000000 0.0000000000 1500.0000000000 0.0000000000 0.0000000000 -61000.0000000000 100000000.0000000000 100000000.0000000000 0.0000000000 0.0000000000 13000.0000000000 0.0000000000 5000.0000000000 -100006050.0000000000 0.0000000000 100000000.0000000000 0.0000000000 0.0000000000 15000.0000000000 6000.0000000000 0.0000000000 -100005010.0000000000 100000000.0000000000 0.0000000000 0.0000000000 0.0000000000 0.0000000000 6000.0000000000 5000.0000000000 -200000000.0000000000 ]';
            testCase.verifyEqual(Q(:),testCaseQ,'AbsTol', 1e-10);
            
            Q=testCase.model.generateQ(testCase.params,0.01);
            testCaseQ=[-1500.0000000000 0.0000000000 0.0000000000 50000.0000000000 0.0000000000 0.0000000000 0.0000000000 0.0000000000 -13000.0000000000 0.0000000000 0.0000000000 50.0000000000 0.0000000000 0.0000000000 0.0000000000 0.0000000000 -15000.0000000000 0.0000000000 0.0000000000 10.0000000000 0.0000000000 1500.0000000000 0.0000000000 0.0000000000 -61000.0000000000 1000000.0000000000 1000000.0000000000 0.0000000000 0.0000000000 13000.0000000000 0.0000000000 5000.0000000000 -1006050.0000000000 0.0000000000 1000000.0000000000 0.0000000000 0.0000000000 15000.0000000000 6000.0000000000 0.0000000000 -1005010.0000000000 1000000.0000000000 0.0000000000 0.0000000000 0.0000000000 0.0000000000 6000.0000000000 5000.0000000000 -2000000.0000000000 ]';
            testCase.verifyEqual(Q(:),testCaseQ,'AbsTol', 1e-10);
            
            Q=testCase.model.generateQ(testCase.params,0.00001);
            testCaseQ=[-1500.0000000000 0.0000000000 0.0000000000 50000.0000000000 0.0000000000 0.0000000000 0.0000000000 0.0000000000 -13000.0000000000 0.0000000000 0.0000000000 50.0000000000 0.0000000000 0.0000000000 0.0000000000 0.0000000000 -15000.0000000000 0.0000000000 0.0000000000 10.0000000000 0.0000000000 1500.0000000000 0.0000000000 0.0000000000 -61000.0000000000 1000.0000000000 1000.0000000000 0.0000000000 0.0000000000 13000.0000000000 0.0000000000 5000.0000000000 -7050.0000000000 0.0000000000 1000.0000000000 0.0000000000 0.0000000000 15000.0000000000 6000.0000000000 0.0000000000 -6010.0000000000 1000.0000000000 0.0000000000 0.0000000000 0.0000000000 0.0000000000 6000.0000000000 5000.0000000000 -2000.0000000000 ]';
            testCase.verifyEqual(Q(:),testCaseQ,'AbsTol', 1e-10);
            
            params2=[15000,5000,13050,40,13000,1,600,10000000,7000,200000000,4000,2000,300000000];
            Q=testCase.model.generateQ(params2,0.00001);
            testCaseQ=[-15000.0000000000 0.0000000000 0.0000000000 5000.0000000000 0.0000000000 0.0000000000 0.0000000000 0.0000000000 -13050.0000000000 0.0000000000 0.0000000000 40.0000000000 0.0000000000 0.0000000000 0.0000000000 0.0000000000 -13000.0000000000 0.0000000000 0.0000000000 1.0000000000 0.0000000000 15000.0000000000 0.0000000000 0.0000000000 -12600.0000000000 2000.0000000000 100.0000000000 0.0000000000 0.0000000000 13050.0000000000 0.0000000000 7000.0000000000 -6040.0000000000 0.0000000000 3500.0000000000 0.0000000000 0.0000000000 13000.0000000000 600.0000000000 0.0000000000 -2101.0000000000 3000.0000000000 0.0000000000 0.0000000000 0.0000000000 0.0000000000 4000.0000000000 2000.0000000000 -6500.0000000000 ]';
            testCase.verifyEqual(Q(:),testCaseQ,'AbsTol', 1e-10);            
        end
        
        function testLikelihood(testCase)
            testCase.verifyEqual(testCase.model.calcLogLikelihood([150,50000,13000,50,15000,10,6000,100000000,5000,100000000,6000,5000,100000000],testCase.data),-1.292099133776372e+06,'AbsTol', 1e-6);
            testCase.verifyEqual(testCase.model.calcLogLikelihood([1500,5000,13000,50,15000,10,6000,100000000,5000,100000000,6000,5000,100000000],testCase.data),-7.710726723240734e+04,'AbsTol', 1e-6)
            testCase.verifyEqual(testCase.model.calcLogLikelihood([1500,50000,1300,5,15000,10,6000,100000000,5000,100000000,6000,5000,100000000],testCase.data),-1.194292781031633e+06,'AbsTol', 1e-6)
            testCase.verifyEqual(testCase.model.calcLogLikelihood([1500,50000,13000,50,15000,10,600,100000000,500,10000000,6000,5000,100000000],testCase.data),-1.194356629933426e+06,'AbsTol', 1e-6)
        end
        
        function testCalcLogPosterior(testCase)
            testCase.verifyEqual(testCase.model.calcLogPosterior(testCase.params,testCase.data),-1.194500038126897e+06,'AbsTol', 1e-6)
        end
        
        function testCalcGradLogLikelihood(testCase)
            testCase.verifyEqual(testCase.model.calcGradLogLikelihood(testCase.params,testCase.data),[61.536469460224815;-23.721925225881694;0.000002049451030;-0.000608696687246;0.000000460189393;-0.000635199488632;0.011864684752889;-0.000000712210727;0.011859062754996;-0.000000593227600;-0.000000000073376;0.000000712484753;-0.000000000035627],'AbsTol', 1e-6)
        end
        
        function testCalcGradLogPosterior(testCase)
            testCase.verifyEqual(testCase.model.calcGradLogPosterior(testCase.params,testCase.data),[61.536469460224815;-23.721925225881694;0.000002049451030;-0.000608696687246;0.000000460189393;-0.000635199488632;0.011864684752889;-0.000000712210727;0.011859062754996;-0.000000593227600;-0.000000000073376;0.000000712484753;-0.000000000035627],'AbsTol', 1e-6)
        end
        
        function testCalcMetricTensor(testCase)
            mt = testCase.model.calcMetricTensor(testCase.params,testCase.data);
            testCase.verifyEqual(mt(:)',[ 0.0082305632531643,-0.0017794081941247,0.0000227009877563,0.0000017462298274,0.0000005820766091,-0.0000098953023553,-0.0000122236087918,-0.0000052386894822,-0.0000098953023553,0.0000087311491370,0.0000017462298274,0.0000180443748832,-0.0000116415321827,-0.0017794081941247,-0.0000162981450558,-0.0000081490725279,-0.0000343425199389,0.0000029103830457,0.0000197906047106,-0.0000355066731572,0.0000128056854010,-0.0000291038304567,0.0000139698386192,0.0000058207660913,0.0000110594555736,0.0000046566128731,0.0000227009877563,-0.0000081490725279,-0.0000395812094212,-0.0000017462298274,0.0000052386894822,0.0000017462298274,-0.0000139698386192,0.0000017462298274,-0.0000011641532183,-0.0000087311491370,0.0000174622982740,0.0000034924596548,0.0000052386894822,0.0000017462298274,-0.0000343425199389,-0.0000017462298274,-0.0000372529029846,-0.0000017462298274,-0.0000069849193096,0.0000093132257462,0.0000011641532183,-0.0000029103830457,-0.0000017462298274,-0.0000145519152284,0.0000256113708019,-0.0000168802216649,0.0000005820766091,0.0000029103830457,0.0000052386894822,-0.0000017462298274,0.0000349245965481,0.0000011641532183,0.0000005820766091,0.0000017462298274,0.0000011641532183,0.0000011641532183,0.0000215368345380,-0.0000005820766091,-0.0000221189111471,-0.0000098953023553,0.0000197906047106,0.0000017462298274,-0.0000069849193096,0.0000011641532183,0.0000721774995327,-0.0000104773789644,0.0000046566128731,-0.0000058207660913,-0.0000122236087918,-0.0000052386894822,0.0000372529029846,0.0000325962901115,-0.0000122236087918,-0.0000355066731572,-0.0000139698386192,0.0000093132257462,0.0000005820766091,-0.0000104773789644,-0.0000465661287308,-0.0000069849193096,-0.0000040745362639,-0.0000005820766091,0.0000250292941928,-0.0000192085281014,-0.0000285217538476,-0.0000052386894822,0.0000128056854010,0.0000017462298274,0.0000011641532183,0.0000017462298274,0.0000046566128731,-0.0000069849193096,0.0001047737896442,-0.0000098953023553,-0.0000151339918375,-0.0000192085281014,-0.0000023283064365,-0.0000046566128731,-0.0000098953023553,-0.0000291038304567,-0.0000011641532183,-0.0000029103830457,0.0000011641532183,-0.0000058207660913,-0.0000040745362639,-0.0000098953023553,0.0000605359673500,0.0000128056854010,-0.0000122236087918,0.0000250292941928,0.0000151339918375,0.0000087311491370,0.0000139698386192,-0.0000087311491370,-0.0000017462298274,0.0000011641532183,-0.0000122236087918,-0.0000005820766091,-0.0000151339918375,0.0000128056854010,0.0001047737896442,0.0000069849193096,-0.0000296859070659,-0.0000116415321827,0.0000017462298274,0.0000058207660913,0.0000174622982740,-0.0000145519152284,0.0000215368345380,-0.0000052386894822,0.0000250292941928,-0.0000192085281014,-0.0000122236087918,0.0000069849193096,0.0000931322574615,-0.0000145519152284,-0.0000093132257462,0.0000180443748832,0.0000110594555736,0.0000034924596548,0.0000256113708019,-0.0000005820766091,0.0000372529029846,-0.0000192085281014,-0.0000023283064365,0.0000250292941928,-0.0000296859070659,-0.0000145519152284,-0.0000000000000000,-0.0000203726813197,-0.0000116415321827,0.0000046566128731,0.0000052386894822,-0.0000168802216649,-0.0000221189111471,0.0000325962901115,-0.0000285217538476,-0.0000046566128731,0.0000151339918375,-0.0000116415321827,-0.0000093132257462,-0.0000203726813197,0.0000954605638981],'AbsTol', 1e-6)
        end
        
        function testCalcDerivMetricTensor(testCase)
            testCase.verifyEqual(testCase.model.calcDerivMetricTensor(testCase.params,testCase.data),zeros(13,13))
        end
        
        function testCalcDerivLogPrior(testCase)
            testCase.verifyEqual(testCase.model.calcDerivLogPrior(testCase.params),0)
            testCase.verifyEqual(testCase.model.calcDerivLogPrior([-1 -1 -1 -1 -1 -1 -1 -1 -1 -1 -1 -1 -1]),-Inf)
        end
        
        function testCalcLogPrior(testCase)
            testCase.verifyEqual(testCase.model.calcLogPrior(testCase.params),-2.072326582694611e+02,'AbsTol', 1e-6)
            testCase.verifyEqual(testCase.model.calcLogPrior(repmat(-1,1,13)),-Inf)
        end
        
        function testSamplePrior(testCase)
            rng(1)
            testCase.verifyEqual(testCase.model.samplePrior,1.0e+09 *[0.000417022010532;0.000720324496239;0.000000114384816;0.000302332579609;0.000146755899350;0.000092338603845;0.000186260219515;3.455607270437022;0.000396767480263;5.388167340038181;0.000419194520211;0.000685219503545;2.044522497323130],'AbsTol', 1e-6)
            rng('shuffle', 'twister')
        end
    end
    
    methods (TestMethodTeardown)
        function destroyExperiment(testCase)
            clear testCase.experiment
        end
    end    
    
end